2026/06/27-16:39:19.318151 7a28 RocksDB version: 10.5.1
2026/06/27-16:39:19.318763 7a28 Git sha c007dd1da63fadc6bd0f34c7b8314cc29e7a42bd
2026/06/27-16:39:19.318781 7a28 Compile date 2026-05-05 14:44:08
2026/06/27-16:39:19.318792 7a28 DB SUMMARY
2026/06/27-16:39:19.318805 7a28 Host name (Env):  PCTIBO
2026/06/27-16:39:19.318814 7a28 DB Session ID:  G1OQ2LDRUYCJ2HN40RUJ
2026/06/27-16:39:19.319094 7a28 SST files in E:\Code\P2P\hypergraph\examples\cli-chat\.test3-chat-storage\db dir, Total Num: 0, files: 
2026/06/27-16:39:19.319116 7a28 Write Ahead Log file in E:\Code\P2P\hypergraph\examples\cli-chat\.test3-chat-storage\db: 
2026/06/27-16:39:19.319131 7a28                         Options.error_if_exists: 0
2026/06/27-16:39:19.319144 7a28                       Options.create_if_missing: 1
2026/06/27-16:39:19.319584 7a28                         Options.paranoid_checks: 1
2026/06/27-16:39:19.319593 7a28             Options.flush_verify_memtable_count: 1
2026/06/27-16:39:19.319597 7a28          Options.compaction_verify_record_count: 1
2026/06/27-16:39:19.319601 7a28                               Options.track_and_verify_wals_in_manifest: 0
2026/06/27-16:39:19.319604 7a28                               Options.track_and_verify_wals: 0
2026/06/27-16:39:19.319608 7a28        Options.verify_sst_unique_id_in_manifest: 1
2026/06/27-16:39:19.319611 7a28                                     Options.env: 0000024BFA0C8C30
2026/06/27-16:39:19.319615 7a28                                      Options.fs: RocksFS
2026/06/27-16:39:19.319623 7a28                                Options.info_log: 0000024BE9DBAE00
2026/06/27-16:39:19.319626 7a28                Options.max_file_opening_threads: 1
2026/06/27-16:39:19.319630 7a28                              Options.statistics: 0000000000000000
2026/06/27-16:39:19.319633 7a28                               Options.use_fsync: 0
2026/06/27-16:39:19.319636 7a28                       Options.max_log_file_size: 0
2026/06/27-16:39:19.319642 7a28                  Options.max_manifest_file_size: 1073741824
2026/06/27-16:39:19.319645 7a28                   Options.log_file_time_to_roll: 0
2026/06/27-16:39:19.319649 7a28                       Options.keep_log_file_num: 1000
2026/06/27-16:39:19.319652 7a28                    Options.recycle_log_file_num: 0
2026/06/27-16:39:19.319656 7a28                         Options.allow_fallocate: 1
2026/06/27-16:39:19.319659 7a28                        Options.allow_mmap_reads: 0
2026/06/27-16:39:19.319662 7a28                       Options.allow_mmap_writes: 0
2026/06/27-16:39:19.319665 7a28                        Options.use_direct_reads: 0
2026/06/27-16:39:19.319669 7a28                        Options.use_direct_io_for_flush_and_compaction: 0
2026/06/27-16:39:19.319672 7a28          Options.create_missing_column_families: 1
2026/06/27-16:39:19.319675 7a28                              Options.db_log_dir: 
2026/06/27-16:39:19.319679 7a28                                 Options.wal_dir: 
2026/06/27-16:39:19.319682 7a28                Options.table_cache_numshardbits: 6
2026/06/27-16:39:19.319686 7a28                         Options.WAL_ttl_seconds: 0
2026/06/27-16:39:19.319691 7a28                       Options.WAL_size_limit_MB: 0
2026/06/27-16:39:19.319701 7a28                        Options.max_write_batch_group_size_bytes: 1048576
2026/06/27-16:39:19.319705 7a28             Options.manifest_preallocation_size: 4194304
2026/06/27-16:39:19.319708 7a28                     Options.is_fd_close_on_exec: 1
2026/06/27-16:39:19.319711 7a28                   Options.advise_random_on_open: 1
2026/06/27-16:39:19.319715 7a28                    Options.db_write_buffer_size: 0
2026/06/27-16:39:19.319718 7a28                    Options.write_buffer_manager: 0000024BF9F303A0
2026/06/27-16:39:19.319721 7a28                      Options.use_adaptive_mutex: 0
2026/06/27-16:39:19.319725 7a28                            Options.rate_limiter: 0000000000000000
2026/06/27-16:39:19.319732 7a28     Options.sst_file_manager.rate_bytes_per_sec: 0
2026/06/27-16:39:19.319736 7a28                       Options.wal_recovery_mode: 2
2026/06/27-16:39:19.319759 7a28                  Options.enable_thread_tracking: 0
2026/06/27-16:39:19.319765 7a28                  Options.enable_pipelined_write: 0
2026/06/27-16:39:19.319769 7a28                  Options.unordered_write: 0
2026/06/27-16:39:19.319772 7a28         Options.allow_concurrent_memtable_write: 1
2026/06/27-16:39:19.319775 7a28      Options.enable_write_thread_adaptive_yield: 1
2026/06/27-16:39:19.319779 7a28             Options.write_thread_max_yield_usec: 100
2026/06/27-16:39:19.319782 7a28            Options.write_thread_slow_yield_usec: 3
2026/06/27-16:39:19.319785 7a28                               Options.row_cache: None
2026/06/27-16:39:19.319789 7a28                              Options.wal_filter: None
2026/06/27-16:39:19.319792 7a28             Options.avoid_flush_during_recovery: 0
2026/06/27-16:39:19.319795 7a28             Options.allow_ingest_behind: 0
2026/06/27-16:39:19.319799 7a28             Options.two_write_queues: 0
2026/06/27-16:39:19.319802 7a28             Options.manual_wal_flush: 0
2026/06/27-16:39:19.319805 7a28             Options.wal_compression: 0
2026/06/27-16:39:19.319809 7a28             Options.background_close_inactive_wals: 0
2026/06/27-16:39:19.319812 7a28             Options.atomic_flush: 0
2026/06/27-16:39:19.319815 7a28             Options.avoid_unnecessary_blocking_io: 0
2026/06/27-16:39:19.319818 7a28             Options.prefix_seek_opt_in_only: 0
2026/06/27-16:39:19.319822 7a28                 Options.persist_stats_to_disk: 0
2026/06/27-16:39:19.319825 7a28                 Options.write_dbid_to_manifest: 1
2026/06/27-16:39:19.319829 7a28                 Options.write_identity_file: 1
2026/06/27-16:39:19.319832 7a28                 Options.log_readahead_size: 0
2026/06/27-16:39:19.319835 7a28                 Options.file_checksum_gen_factory: Unknown
2026/06/27-16:39:19.319839 7a28                 Options.best_efforts_recovery: 0
2026/06/27-16:39:19.319842 7a28                Options.max_bgerror_resume_count: 2147483647
2026/06/27-16:39:19.319845 7a28            Options.bgerror_resume_retry_interval: 1000000
2026/06/27-16:39:19.319849 7a28             Options.allow_data_in_errors: 0
2026/06/27-16:39:19.319852 7a28             Options.db_host_id: __hostname__
2026/06/27-16:39:19.319855 7a28             Options.enforce_single_del_contracts: true
2026/06/27-16:39:19.319859 7a28             Options.metadata_write_temperature: kUnknown
2026/06/27-16:39:19.319863 7a28             Options.wal_write_temperature: kUnknown
2026/06/27-16:39:19.319866 7a28             Options.max_background_jobs: 6
2026/06/27-16:39:19.319870 7a28             Options.max_background_compactions: -1
2026/06/27-16:39:19.319873 7a28             Options.max_subcompactions: 1
2026/06/27-16:39:19.319876 7a28             Options.avoid_flush_during_shutdown: 0
2026/06/27-16:39:19.319879 7a28           Options.writable_file_max_buffer_size: 1048576
2026/06/27-16:39:19.319883 7a28             Options.delayed_write_rate : 16777216
2026/06/27-16:39:19.319886 7a28             Options.max_total_wal_size: 0
2026/06/27-16:39:19.319889 7a28             Options.delete_obsolete_files_period_micros: 21600000000
2026/06/27-16:39:19.319893 7a28                   Options.stats_dump_period_sec: 600
2026/06/27-16:39:19.319896 7a28                 Options.stats_persist_period_sec: 600
2026/06/27-16:39:19.319900 7a28                 Options.stats_history_buffer_size: 1048576
2026/06/27-16:39:19.319903 7a28                          Options.max_open_files: -1
2026/06/27-16:39:19.319906 7a28                          Options.bytes_per_sync: 1048576
2026/06/27-16:39:19.319910 7a28                      Options.wal_bytes_per_sync: 0
2026/06/27-16:39:19.319913 7a28                   Options.strict_bytes_per_sync: 0
2026/06/27-16:39:19.319916 7a28       Options.compaction_readahead_size: 2097152
2026/06/27-16:39:19.319920 7a28                  Options.max_background_flushes: -1
2026/06/27-16:39:19.319923 7a28 Options.daily_offpeak_time_utc: 
2026/06/27-16:39:19.319926 7a28 Compression algorithms supported:
2026/06/27-16:39:19.319954 7a28 	kZSTD supported: 0
2026/06/27-16:39:19.319959 7a28 	kCustomCompressionA3 supported: 0
2026/06/27-16:39:19.319963 7a28 	kSnappyCompression supported: 0
2026/06/27-16:39:19.319966 7a28 	kCustomCompressionA5 supported: 0
2026/06/27-16:39:19.319970 7a28 	kBZip2Compression supported: 0
2026/06/27-16:39:19.319973 7a28 	kZlibCompression supported: 0
2026/06/27-16:39:19.319976 7a28 	kLZ4Compression supported: 0
2026/06/27-16:39:19.319979 7a28 	kXpressCompression supported: 0
2026/06/27-16:39:19.319982 7a28 	kCustomCompressionA7 supported: 0
2026/06/27-16:39:19.319986 7a28 	kLZ4HCCompression supported: 0
2026/06/27-16:39:19.319989 7a28 	kCustomCompressionB2 supported: 0
2026/06/27-16:39:19.319993 7a28 	kCustomCompression9C supported: 0
2026/06/27-16:39:19.319996 7a28 	kCustomCompression80 supported: 0
2026/06/27-16:39:19.319999 7a28 	kCustomCompressionB3 supported: 0
2026/06/27-16:39:19.320002 7a28 	kCustomCompression9B supported: 0
2026/06/27-16:39:19.320006 7a28 	kCustomCompression81 supported: 0
2026/06/27-16:39:19.320009 7a28 	kCustomCompressionB0 supported: 0
2026/06/27-16:39:19.320012 7a28 	kCustomCompression9A supported: 0
2026/06/27-16:39:19.320015 7a28 	kCustomCompression82 supported: 0
2026/06/27-16:39:19.320018 7a28 	kCustomCompressionB1 supported: 0
2026/06/27-16:39:19.320022 7a28 	kCustomCompression83 supported: 0
2026/06/27-16:39:19.320025 7a28 	kCustomCompressionB6 supported: 0
2026/06/27-16:39:19.320028 7a28 	kCustomCompression84 supported: 0
2026/06/27-16:39:19.320031 7a28 	kCustomCompressionB7 supported: 0
2026/06/27-16:39:19.320035 7a28 	kCustomCompression9F supported: 0
2026/06/27-16:39:19.320038 7a28 	kCustomCompression85 supported: 0
2026/06/27-16:39:19.320041 7a28 	kCustomCompressionB4 supported: 0
2026/06/27-16:39:19.320045 7a28 	kCustomCompression9E supported: 0
2026/06/27-16:39:19.320048 7a28 	kCustomCompression86 supported: 0
2026/06/27-16:39:19.320051 7a28 	kCustomCompressionB5 supported: 0
2026/06/27-16:39:19.320054 7a28 	kCustomCompression9D supported: 0
2026/06/27-16:39:19.320058 7a28 	kCustomCompression87 supported: 0
2026/06/27-16:39:19.320061 7a28 	kCustomCompression88 supported: 0
2026/06/27-16:39:19.320064 7a28 	kCustomCompression89 supported: 0
2026/06/27-16:39:19.320067 7a28 	kCustomCompression92 supported: 0
2026/06/27-16:39:19.320071 7a28 	kCustomCompression8A supported: 0
2026/06/27-16:39:19.320074 7a28 	kCustomCompression91 supported: 0
2026/06/27-16:39:19.320077 7a28 	kCustomCompression8B supported: 0
2026/06/27-16:39:19.320080 7a28 	kCustomCompression90 supported: 0
2026/06/27-16:39:19.320084 7a28 	kCustomCompression8C supported: 0
2026/06/27-16:39:19.320087 7a28 	kCustomCompression97 supported: 0
2026/06/27-16:39:19.320090 7a28 	kCustomCompression8D supported: 0
2026/06/27-16:39:19.320093 7a28 	kCustomCompression96 supported: 0
2026/06/27-16:39:19.320096 7a28 	kCustomCompression8E supported: 0
2026/06/27-16:39:19.320100 7a28 	kCustomCompression95 supported: 0
2026/06/27-16:39:19.320103 7a28 	kCustomCompression8F supported: 0
2026/06/27-16:39:19.320106 7a28 	kCustomCompression93 supported: 0
2026/06/27-16:39:19.320109 7a28 	kCustomCompression94 supported: 0
2026/06/27-16:39:19.320113 7a28 	kCustomCompression98 supported: 0
2026/06/27-16:39:19.320116 7a28 	kCustomCompression99 supported: 0
2026/06/27-16:39:19.320119 7a28 	kCustomCompressionA0 supported: 0
2026/06/27-16:39:19.320122 7a28 	kCustomCompressionA1 supported: 0
2026/06/27-16:39:19.320125 7a28 	kCustomCompressionA2 supported: 0
2026/06/27-16:39:19.320128 7a28 	kCustomCompressionA4 supported: 0
2026/06/27-16:39:19.320132 7a28 	kCustomCompressionA6 supported: 0
2026/06/27-16:39:19.320135 7a28 	kCustomCompressionA8 supported: 0
2026/06/27-16:39:19.320138 7a28 	kCustomCompressionA9 supported: 0
2026/06/27-16:39:19.320141 7a28 	kCustomCompressionAA supported: 0
2026/06/27-16:39:19.320144 7a28 	kCustomCompressionAB supported: 0
2026/06/27-16:39:19.320148 7a28 	kCustomCompressionAC supported: 0
2026/06/27-16:39:19.320151 7a28 	kCustomCompressionAD supported: 0
2026/06/27-16:39:19.320154 7a28 	kCustomCompressionAE supported: 0
2026/06/27-16:39:19.320158 7a28 	kCustomCompressionAF supported: 0
2026/06/27-16:39:19.320162 7a28 	kCustomCompressionB8 supported: 0
2026/06/27-16:39:19.320165 7a28 	kCustomCompressionB9 supported: 0
2026/06/27-16:39:19.320168 7a28 	kCustomCompressionBA supported: 0
2026/06/27-16:39:19.320172 7a28 	kCustomCompressionBB supported: 0
2026/06/27-16:39:19.320175 7a28 	kCustomCompressionBC supported: 0
2026/06/27-16:39:19.320178 7a28 	kCustomCompressionBD supported: 0
2026/06/27-16:39:19.320181 7a28 	kCustomCompressionBE supported: 0
2026/06/27-16:39:19.320185 7a28 	kCustomCompressionBF supported: 0
2026/06/27-16:39:19.320188 7a28 	kCustomCompressionC0 supported: 0
2026/06/27-16:39:19.320191 7a28 	kCustomCompressionC1 supported: 0
2026/06/27-16:39:19.320194 7a28 	kCustomCompressionC2 supported: 0
2026/06/27-16:39:19.320197 7a28 	kCustomCompressionC3 supported: 0
2026/06/27-16:39:19.320201 7a28 	kCustomCompressionC4 supported: 0
2026/06/27-16:39:19.320204 7a28 	kCustomCompressionC5 supported: 0
2026/06/27-16:39:19.320207 7a28 	kCustomCompressionC6 supported: 0
2026/06/27-16:39:19.320210 7a28 	kCustomCompressionC7 supported: 0
2026/06/27-16:39:19.320213 7a28 	kCustomCompressionC8 supported: 0
2026/06/27-16:39:19.320217 7a28 	kCustomCompressionC9 supported: 0
2026/06/27-16:39:19.320220 7a28 	kCustomCompressionCA supported: 0
2026/06/27-16:39:19.320223 7a28 	kCustomCompressionCB supported: 0
2026/06/27-16:39:19.320226 7a28 	kCustomCompressionCC supported: 0
2026/06/27-16:39:19.320230 7a28 	kCustomCompressionCD supported: 0
2026/06/27-16:39:19.320233 7a28 	kCustomCompressionCE supported: 0
2026/06/27-16:39:19.320236 7a28 	kCustomCompressionCF supported: 0
2026/06/27-16:39:19.320239 7a28 	kCustomCompressionD0 supported: 0
2026/06/27-16:39:19.320243 7a28 	kCustomCompressionD1 supported: 0
2026/06/27-16:39:19.320246 7a28 	kCustomCompressionD2 supported: 0
2026/06/27-16:39:19.320249 7a28 	kCustomCompressionD3 supported: 0
2026/06/27-16:39:19.320252 7a28 	kCustomCompressionD4 supported: 0
2026/06/27-16:39:19.320256 7a28 	kCustomCompressionD5 supported: 0
2026/06/27-16:39:19.320259 7a28 	kCustomCompressionD6 supported: 0
2026/06/27-16:39:19.320262 7a28 	kCustomCompressionD7 supported: 0
2026/06/27-16:39:19.320265 7a28 	kCustomCompressionD8 supported: 0
2026/06/27-16:39:19.320269 7a28 	kCustomCompressionD9 supported: 0
2026/06/27-16:39:19.320272 7a28 	kCustomCompressionDA supported: 0
2026/06/27-16:39:19.320275 7a28 	kCustomCompressionDB supported: 0
2026/06/27-16:39:19.320278 7a28 	kCustomCompressionDC supported: 0
2026/06/27-16:39:19.320281 7a28 	kCustomCompressionDD supported: 0
2026/06/27-16:39:19.320285 7a28 	kCustomCompressionDE supported: 0
2026/06/27-16:39:19.320288 7a28 	kCustomCompressionDF supported: 0
2026/06/27-16:39:19.320291 7a28 	kCustomCompressionE0 supported: 0
2026/06/27-16:39:19.320294 7a28 	kCustomCompressionE1 supported: 0
2026/06/27-16:39:19.320297 7a28 	kCustomCompressionE2 supported: 0
2026/06/27-16:39:19.320300 7a28 	kCustomCompressionE3 supported: 0
2026/06/27-16:39:19.320304 7a28 	kCustomCompressionE4 supported: 0
2026/06/27-16:39:19.320307 7a28 	kCustomCompressionE5 supported: 0
2026/06/27-16:39:19.320310 7a28 	kCustomCompressionE6 supported: 0
2026/06/27-16:39:19.320313 7a28 	kCustomCompressionE7 supported: 0
2026/06/27-16:39:19.320316 7a28 	kCustomCompressionE8 supported: 0
2026/06/27-16:39:19.320320 7a28 	kCustomCompressionE9 supported: 0
2026/06/27-16:39:19.320323 7a28 	kCustomCompressionEA supported: 0
2026/06/27-16:39:19.320326 7a28 	kCustomCompressionEB supported: 0
2026/06/27-16:39:19.320329 7a28 	kCustomCompressionEC supported: 0
2026/06/27-16:39:19.320332 7a28 	kCustomCompressionED supported: 0
2026/06/27-16:39:19.320336 7a28 	kCustomCompressionEE supported: 0
2026/06/27-16:39:19.320339 7a28 	kCustomCompressionEF supported: 0
2026/06/27-16:39:19.320342 7a28 	kCustomCompressionF0 supported: 0
2026/06/27-16:39:19.320345 7a28 	kCustomCompressionF1 supported: 0
2026/06/27-16:39:19.320349 7a28 	kCustomCompressionF2 supported: 0
2026/06/27-16:39:19.320352 7a28 	kCustomCompressionF3 supported: 0
2026/06/27-16:39:19.320368 7a28 	kCustomCompressionF4 supported: 0
2026/06/27-16:39:19.320373 7a28 	kCustomCompressionF5 supported: 0
2026/06/27-16:39:19.320376 7a28 	kCustomCompressionF6 supported: 0
2026/06/27-16:39:19.320380 7a28 	kCustomCompressionF7 supported: 0
2026/06/27-16:39:19.320383 7a28 	kCustomCompressionF8 supported: 0
2026/06/27-16:39:19.320386 7a28 	kCustomCompressionF9 supported: 0
2026/06/27-16:39:19.320389 7a28 	kCustomCompressionFA supported: 0
2026/06/27-16:39:19.320392 7a28 	kCustomCompressionFB supported: 0
2026/06/27-16:39:19.320396 7a28 	kCustomCompressionFC supported: 0
2026/06/27-16:39:19.320399 7a28 	kCustomCompressionFD supported: 0
2026/06/27-16:39:19.320402 7a28 	kCustomCompressionFE supported: 0
2026/06/27-16:39:19.320409 7a28 Fast CRC32 supported: Not supported on x86
2026/06/27-16:39:19.320412 7a28 DMutex implementation: std::mutex
2026/06/27-16:39:19.320416 7a28 Jemalloc supported: 0
2026/06/27-16:39:19.552691 7a28 [db\db_impl\db_impl_open.cc:312] Creating manifest 1 
2026/06/27-16:39:19.816227 7a28 [db\version_set.cc:6123] Recovering from manifest file: E:\Code\P2P\hypergraph\examples\cli-chat\.test3-chat-storage\db/MANIFEST-000001
2026/06/27-16:39:19.816414 7a28 [db\column_family.cc:692] --------------- Options for column family [default]:
2026/06/27-16:39:19.816423 7a28               Options.comparator: leveldb.BytewiseComparator
2026/06/27-16:39:19.816427 7a28           Options.merge_operator: None
2026/06/27-16:39:19.816431 7a28        Options.compaction_filter: None
2026/06/27-16:39:19.816437 7a28        Options.compaction_filter_factory: None
2026/06/27-16:39:19.816442 7a28  Options.sst_partitioner_factory: None
2026/06/27-16:39:19.816446 7a28         Options.memtable_factory: SkipListFactory
2026/06/27-16:39:19.816449 7a28            Options.table_factory: BlockBasedTable
2026/06/27-16:39:19.816484 7a28            table_factory options:   flush_block_policy_factory: FlushBlockBySizePolicyFactory (0000024BFA127430)
  cache_index_and_filter_blocks: 1
  cache_index_and_filter_blocks_with_high_priority: 1
  pin_l0_filter_and_index_blocks_in_cache: 0
  pin_top_level_index_and_filter: 1
  index_type: 0
  data_block_index_type: 0
  index_shortening: 1
  data_block_hash_table_util_ratio: 0.750000
  checksum: 4
  no_block_cache: 0
  block_cache: 0000024BF9F32330
  block_cache_name: LRUCache
  block_cache_options:
    capacity : 33554432
    num_shard_bits : 6
    strict_capacity_limit : 0
    memory_allocator : None
    high_pri_pool_ratio: 0.500
    low_pri_pool_ratio: 0.000
  persistent_cache: 0000000000000000
  block_size: 8192
  block_size_deviation: 10
  block_restart_interval: 16
  index_block_restart_interval: 1
  metadata_block_size: 4096
  partition_filters: 0
  use_delta_encoding: 1
  filter_policy: bloomfilter
  whole_key_filtering: 1
  verify_compression: 0
  read_amp_bytes_per_bit: 0
  format_version: 6
  enable_index_compression: 1
  block_align: 0
  max_auto_readahead_size: 262144
  prepopulate_block_cache: 0
  initial_auto_readahead_size: 8192
  num_file_reads_for_auto_readahead: 2
2026/06/27-16:39:19.816489 7a28        Options.write_buffer_size: 67108864
2026/06/27-16:39:19.816493 7a28  Options.max_write_buffer_number: 2
2026/06/27-16:39:19.816496 7a28          Options.compression: NoCompression
2026/06/27-16:39:19.816500 7a28                  Options.bottommost_compression: Disabled
2026/06/27-16:39:19.816503 7a28       Options.prefix_extractor: nullptr
2026/06/27-16:39:19.816507 7a28   Options.memtable_insert_with_hint_prefix_extractor: nullptr
2026/06/27-16:39:19.816510 7a28             Options.num_levels: 7
2026/06/27-16:39:19.816513 7a28        Options.min_write_buffer_number_to_merge: 1
2026/06/27-16:39:19.816517 7a28     Options.max_write_buffer_size_to_maintain: 0
2026/06/27-16:39:19.816520 7a28            Options.bottommost_compression_opts.window_bits: -14
2026/06/27-16:39:19.816525 7a28                  Options.bottommost_compression_opts.level: 32767
2026/06/27-16:39:19.816529 7a28               Options.bottommost_compression_opts.strategy: 0
2026/06/27-16:39:19.816570 7a28         Options.bottommost_compression_opts.max_dict_bytes: 0
2026/06/27-16:39:19.816576 7a28         Options.bottommost_compression_opts.zstd_max_train_bytes: 0
2026/06/27-16:39:19.816579 7a28         Options.bottommost_compression_opts.parallel_threads: 1
2026/06/27-16:39:19.816583 7a28                  Options.bottommost_compression_opts.enabled: false
2026/06/27-16:39:19.816586 7a28         Options.bottommost_compression_opts.max_dict_buffer_bytes: 0
2026/06/27-16:39:19.816590 7a28         Options.bottommost_compression_opts.use_zstd_dict_trainer: true
2026/06/27-16:39:19.816595 7a28            Options.compression_opts.window_bits: -14
2026/06/27-16:39:19.816599 7a28                  Options.compression_opts.level: 32767
2026/06/27-16:39:19.816602 7a28               Options.compression_opts.strategy: 0
2026/06/27-16:39:19.816605 7a28         Options.compression_opts.max_dict_bytes: 0
2026/06/27-16:39:19.816609 7a28         Options.compression_opts.zstd_max_train_bytes: 0
2026/06/27-16:39:19.816612 7a28         Options.compression_opts.use_zstd_dict_trainer: true
2026/06/27-16:39:19.816615 7a28         Options.compression_opts.parallel_threads: 1
2026/06/27-16:39:19.816619 7a28                  Options.compression_opts.enabled: false
2026/06/27-16:39:19.816622 7a28         Options.compression_opts.max_dict_buffer_bytes: 0
2026/06/27-16:39:19.816626 7a28      Options.level0_file_num_compaction_trigger: 4
2026/06/27-16:39:19.816629 7a28          Options.level0_slowdown_writes_trigger: 20
2026/06/27-16:39:19.816632 7a28              Options.level0_stop_writes_trigger: 36
2026/06/27-16:39:19.816636 7a28                   Options.target_file_size_base: 67108864
2026/06/27-16:39:19.816639 7a28             Options.target_file_size_multiplier: 1
2026/06/27-16:39:19.816643 7a28                Options.max_bytes_for_level_base: 268435456
2026/06/27-16:39:19.816646 7a28 Options.level_compaction_dynamic_level_bytes: 1
2026/06/27-16:39:19.816649 7a28          Options.max_bytes_for_level_multiplier: 10.000000
2026/06/27-16:39:19.816654 7a28 Options.max_bytes_for_level_multiplier_addtl[0]: 1
2026/06/27-16:39:19.816657 7a28 Options.max_bytes_for_level_multiplier_addtl[1]: 1
2026/06/27-16:39:19.816660 7a28 Options.max_bytes_for_level_multiplier_addtl[2]: 1
2026/06/27-16:39:19.816664 7a28 Options.max_bytes_for_level_multiplier_addtl[3]: 1
2026/06/27-16:39:19.816667 7a28 Options.max_bytes_for_level_multiplier_addtl[4]: 1
2026/06/27-16:39:19.816670 7a28 Options.max_bytes_for_level_multiplier_addtl[5]: 1
2026/06/27-16:39:19.816674 7a28 Options.max_bytes_for_level_multiplier_addtl[6]: 1
2026/06/27-16:39:19.816677 7a28       Options.max_sequential_skip_in_iterations: 8
2026/06/27-16:39:19.816680 7a28          Options.memtable_op_scan_flush_trigger: 0
2026/06/27-16:39:19.816684 7a28      Options.memtable_avg_op_scan_flush_trigger: 0
2026/06/27-16:39:19.816687 7a28                    Options.max_compaction_bytes: 1677721600
2026/06/27-16:39:19.816690 7a28                        Options.arena_block_size: 1048576
2026/06/27-16:39:19.816694 7a28   Options.soft_pending_compaction_bytes_limit: 68719476736
2026/06/27-16:39:19.816697 7a28   Options.hard_pending_compaction_bytes_limit: 274877906944
2026/06/27-16:39:19.816701 7a28                Options.disable_auto_compactions: 0
2026/06/27-16:39:19.816705 7a28                        Options.compaction_style: kCompactionStyleLevel
2026/06/27-16:39:19.816709 7a28                          Options.compaction_pri: kMinOverlappingRatio
2026/06/27-16:39:19.816712 7a28 Options.compaction_options_universal.size_ratio: 1
2026/06/27-16:39:19.816716 7a28 Options.compaction_options_universal.min_merge_width: 2
2026/06/27-16:39:19.816719 7a28 Options.compaction_options_universal.max_merge_width: 4294967295
2026/06/27-16:39:19.816723 7a28 Options.compaction_options_universal.max_size_amplification_percent: 200
2026/06/27-16:39:19.816726 7a28 Options.compaction_options_universal.compression_size_percent: -1
2026/06/27-16:39:19.816730 7a28 Options.compaction_options_universal.stop_style: kCompactionStopStyleTotalSize
2026/06/27-16:39:19.816734 7a28 Options.compaction_options_universal.max_read_amp: -1
2026/06/27-16:39:19.816738 7a28 Options.compaction_options_universal.reduce_file_locking: 0
2026/06/27-16:39:19.816742 7a28 Options.compaction_options_fifo.max_table_files_size: 1073741824
2026/06/27-16:39:19.816745 7a28 Options.compaction_options_fifo.allow_compaction: 0
2026/06/27-16:39:19.816757 7a28                   Options.table_properties_collectors: 
2026/06/27-16:39:19.816761 7a28                   Options.inplace_update_support: 0
2026/06/27-16:39:19.816764 7a28                 Options.inplace_update_num_locks: 10000
2026/06/27-16:39:19.816768 7a28               Options.memtable_prefix_bloom_size_ratio: 0.000000
2026/06/27-16:39:19.816771 7a28               Options.memtable_whole_key_filtering: 0
2026/06/27-16:39:19.816775 7a28   Options.memtable_huge_page_size: 0
2026/06/27-16:39:19.816778 7a28                           Options.bloom_locality: 0
2026/06/27-16:39:19.816782 7a28                    Options.max_successive_merges: 0
2026/06/27-16:39:19.816785 7a28             Options.strict_max_successive_merges: 0
2026/06/27-16:39:19.816788 7a28                Options.optimize_filters_for_hits: 0
2026/06/27-16:39:19.816791 7a28                Options.paranoid_file_checks: 0
2026/06/27-16:39:19.816795 7a28                Options.force_consistency_checks: 1
2026/06/27-16:39:19.816798 7a28                Options.report_bg_io_stats: 0
2026/06/27-16:39:19.816801 7a28                Options.disallow_memtable_writes: 0
2026/06/27-16:39:19.816805 7a28                               Options.ttl: 2592000
2026/06/27-16:39:19.816808 7a28          Options.periodic_compaction_seconds: 0
2026/06/27-16:39:19.816814 7a28                        Options.default_temperature: kUnknown
2026/06/27-16:39:19.816817 7a28  Options.preclude_last_level_data_seconds: 0
2026/06/27-16:39:19.816820 7a28    Options.preserve_internal_time_seconds: 0
2026/06/27-16:39:19.816824 7a28                       Options.enable_blob_files: false
2026/06/27-16:39:19.816827 7a28                           Options.min_blob_size: 0
2026/06/27-16:39:19.816831 7a28                          Options.blob_file_size: 0
2026/06/27-16:39:19.816834 7a28                   Options.blob_compression_type: NoCompression
2026/06/27-16:39:19.816837 7a28          Options.enable_blob_garbage_collection: true
2026/06/27-16:39:19.816841 7a28      Options.blob_garbage_collection_age_cutoff: 0.250000
2026/06/27-16:39:19.816844 7a28 Options.blob_garbage_collection_force_threshold: 1.000000
2026/06/27-16:39:19.816848 7a28          Options.blob_compaction_readahead_size: 0
2026/06/27-16:39:19.816851 7a28                Options.blob_file_starting_level: 0
2026/06/27-16:39:19.816855 7a28         Options.experimental_mempurge_threshold: 0.000000
2026/06/27-16:39:19.816858 7a28            Options.memtable_max_range_deletions: 0
2026/06/27-16:39:19.817017 7a28 [db\version_set.cc:6181] Recovered from manifest file:E:\Code\P2P\hypergraph\examples\cli-chat\.test3-chat-storage\db/MANIFEST-000001 succeeded,manifest_file_number is 1, next_file_number is 3, last_sequence is 0, log_number is 0,prev_log_number is 0,max_column_family is 0,min_log_number_to_keep is 0
2026/06/27-16:39:19.817024 7a28 [db\version_set.cc:6190] Column family [default] (ID 0), log number is 0
2026/06/27-16:39:19.817028 7a28 [db\db_impl\db_impl_open.cc:686] DB ID: 5c0e2b12-723e-11f1-9e04-e4b3186deb41
2026/06/27-16:39:19.817916 7a28 [db\version_set.cc:5631] Creating manifest 5
2026/06/27-16:39:20.040370 7a28 [db\column_family.cc:692] --------------- Options for column family [corestore]:
2026/06/27-16:39:20.040388 7a28               Options.comparator: leveldb.BytewiseComparator
2026/06/27-16:39:20.040392 7a28           Options.merge_operator: None
2026/06/27-16:39:20.040396 7a28        Options.compaction_filter: None
2026/06/27-16:39:20.040400 7a28        Options.compaction_filter_factory: None
2026/06/27-16:39:20.040403 7a28  Options.sst_partitioner_factory: None
2026/06/27-16:39:20.040406 7a28         Options.memtable_factory: SkipListFactory
2026/06/27-16:39:20.040415 7a28            Options.table_factory: BlockBasedTable
2026/06/27-16:39:20.040456 7a28            table_factory options:   flush_block_policy_factory: FlushBlockBySizePolicyFactory (0000024BFA0C2340)
  cache_index_and_filter_blocks: 1
  cache_index_and_filter_blocks_with_high_priority: 1
  pin_l0_filter_and_index_blocks_in_cache: 0
  pin_top_level_index_and_filter: 1
  index_type: 0
  data_block_index_type: 0
  index_shortening: 1
  data_block_hash_table_util_ratio: 0.750000
  checksum: 4
  no_block_cache: 0
  block_cache: 0000024BF9F32440
  block_cache_name: LRUCache
  block_cache_options:
    capacity : 33554432
    num_shard_bits : 6
    strict_capacity_limit : 0
    memory_allocator : None
    high_pri_pool_ratio: 0.500
    low_pri_pool_ratio: 0.000
  persistent_cache: 0000000000000000
  block_size: 8192
  block_size_deviation: 10
  block_restart_interval: 16
  index_block_restart_interval: 1
  metadata_block_size: 4096
  partition_filters: 0
  use_delta_encoding: 1
  filter_policy: bloomfilter
  whole_key_filtering: 1
  verify_compression: 0
  read_amp_bytes_per_bit: 0
  format_version: 6
  enable_index_compression: 1
  block_align: 0
  max_auto_readahead_size: 262144
  prepopulate_block_cache: 0
  initial_auto_readahead_size: 8192
  num_file_reads_for_auto_readahead: 2
2026/06/27-16:39:20.040463 7a28        Options.write_buffer_size: 67108864
2026/06/27-16:39:20.040467 7a28  Options.max_write_buffer_number: 2
2026/06/27-16:39:20.040470 7a28          Options.compression: NoCompression
2026/06/27-16:39:20.040474 7a28                  Options.bottommost_compression: Disabled
2026/06/27-16:39:20.040477 7a28       Options.prefix_extractor: nullptr
2026/06/27-16:39:20.040481 7a28   Options.memtable_insert_with_hint_prefix_extractor: nullptr
2026/06/27-16:39:20.040484 7a28             Options.num_levels: 7
2026/06/27-16:39:20.040487 7a28        Options.min_write_buffer_number_to_merge: 1
2026/06/27-16:39:20.040491 7a28     Options.max_write_buffer_size_to_maintain: 0
2026/06/27-16:39:20.040494 7a28            Options.bottommost_compression_opts.window_bits: -14
2026/06/27-16:39:20.040497 7a28                  Options.bottommost_compression_opts.level: 32767
2026/06/27-16:39:20.040501 7a28               Options.bottommost_compression_opts.strategy: 0
2026/06/27-16:39:20.040504 7a28         Options.bottommost_compression_opts.max_dict_bytes: 0
2026/06/27-16:39:20.040508 7a28         Options.bottommost_compression_opts.zstd_max_train_bytes: 0
2026/06/27-16:39:20.040511 7a28         Options.bottommost_compression_opts.parallel_threads: 1
2026/06/27-16:39:20.040515 7a28                  Options.bottommost_compression_opts.enabled: false
2026/06/27-16:39:20.040518 7a28         Options.bottommost_compression_opts.max_dict_buffer_bytes: 0
2026/06/27-16:39:20.040522 7a28         Options.bottommost_compression_opts.use_zstd_dict_trainer: true
2026/06/27-16:39:20.040525 7a28            Options.compression_opts.window_bits: -14
2026/06/27-16:39:20.040528 7a28                  Options.compression_opts.level: 32767
2026/06/27-16:39:20.040532 7a28               Options.compression_opts.strategy: 0
2026/06/27-16:39:20.040535 7a28         Options.compression_opts.max_dict_bytes: 0
2026/06/27-16:39:20.040538 7a28         Options.compression_opts.zstd_max_train_bytes: 0
2026/06/27-16:39:20.040542 7a28         Options.compression_opts.use_zstd_dict_trainer: true
2026/06/27-16:39:20.040545 7a28         Options.compression_opts.parallel_threads: 1
2026/06/27-16:39:20.040548 7a28                  Options.compression_opts.enabled: false
2026/06/27-16:39:20.040552 7a28         Options.compression_opts.max_dict_buffer_bytes: 0
2026/06/27-16:39:20.040555 7a28      Options.level0_file_num_compaction_trigger: 4
2026/06/27-16:39:20.040559 7a28          Options.level0_slowdown_writes_trigger: 20
2026/06/27-16:39:20.040562 7a28              Options.level0_stop_writes_trigger: 36
2026/06/27-16:39:20.040566 7a28                   Options.target_file_size_base: 67108864
2026/06/27-16:39:20.040569 7a28             Options.target_file_size_multiplier: 1
2026/06/27-16:39:20.040573 7a28                Options.max_bytes_for_level_base: 268435456
2026/06/27-16:39:20.040578 7a28 Options.level_compaction_dynamic_level_bytes: 1
2026/06/27-16:39:20.040581 7a28          Options.max_bytes_for_level_multiplier: 10.000000
2026/06/27-16:39:20.040585 7a28 Options.max_bytes_for_level_multiplier_addtl[0]: 1
2026/06/27-16:39:20.040589 7a28 Options.max_bytes_for_level_multiplier_addtl[1]: 1
2026/06/27-16:39:20.040592 7a28 Options.max_bytes_for_level_multiplier_addtl[2]: 1
2026/06/27-16:39:20.040595 7a28 Options.max_bytes_for_level_multiplier_addtl[3]: 1
2026/06/27-16:39:20.040599 7a28 Options.max_bytes_for_level_multiplier_addtl[4]: 1
2026/06/27-16:39:20.040602 7a28 Options.max_bytes_for_level_multiplier_addtl[5]: 1
2026/06/27-16:39:20.040605 7a28 Options.max_bytes_for_level_multiplier_addtl[6]: 1
2026/06/27-16:39:20.040609 7a28       Options.max_sequential_skip_in_iterations: 8
2026/06/27-16:39:20.040612 7a28          Options.memtable_op_scan_flush_trigger: 0
2026/06/27-16:39:20.040616 7a28      Options.memtable_avg_op_scan_flush_trigger: 0
2026/06/27-16:39:20.040619 7a28                    Options.max_compaction_bytes: 1677721600
2026/06/27-16:39:20.040622 7a28                        Options.arena_block_size: 1048576
2026/06/27-16:39:20.040626 7a28   Options.soft_pending_compaction_bytes_limit: 68719476736
2026/06/27-16:39:20.040629 7a28   Options.hard_pending_compaction_bytes_limit: 274877906944
2026/06/27-16:39:20.040633 7a28                Options.disable_auto_compactions: 0
2026/06/27-16:39:20.040637 7a28                        Options.compaction_style: kCompactionStyleLevel
2026/06/27-16:39:20.040641 7a28                          Options.compaction_pri: kMinOverlappingRatio
2026/06/27-16:39:20.040644 7a28 Options.compaction_options_universal.size_ratio: 1
2026/06/27-16:39:20.040647 7a28 Options.compaction_options_universal.min_merge_width: 2
2026/06/27-16:39:20.040651 7a28 Options.compaction_options_universal.max_merge_width: 4294967295
2026/06/27-16:39:20.040654 7a28 Options.compaction_options_universal.max_size_amplification_percent: 200
2026/06/27-16:39:20.040658 7a28 Options.compaction_options_universal.compression_size_percent: -1
2026/06/27-16:39:20.040661 7a28 Options.compaction_options_universal.stop_style: kCompactionStopStyleTotalSize
2026/06/27-16:39:20.040665 7a28 Options.compaction_options_universal.max_read_amp: -1
2026/06/27-16:39:20.040668 7a28 Options.compaction_options_universal.reduce_file_locking: 0
2026/06/27-16:39:20.040671 7a28 Options.compaction_options_fifo.max_table_files_size: 1073741824
2026/06/27-16:39:20.040675 7a28 Options.compaction_options_fifo.allow_compaction: 0
2026/06/27-16:39:20.040680 7a28                   Options.table_properties_collectors: 
2026/06/27-16:39:20.040683 7a28                   Options.inplace_update_support: 0
2026/06/27-16:39:20.040687 7a28                 Options.inplace_update_num_locks: 10000
2026/06/27-16:39:20.040690 7a28               Options.memtable_prefix_bloom_size_ratio: 0.000000
2026/06/27-16:39:20.040694 7a28               Options.memtable_whole_key_filtering: 0
2026/06/27-16:39:20.040697 7a28   Options.memtable_huge_page_size: 0
2026/06/27-16:39:20.040701 7a28                           Options.bloom_locality: 0
2026/06/27-16:39:20.040704 7a28                    Options.max_successive_merges: 0
2026/06/27-16:39:20.040707 7a28             Options.strict_max_successive_merges: 0
2026/06/27-16:39:20.040711 7a28                Options.optimize_filters_for_hits: 0
2026/06/27-16:39:20.040714 7a28                Options.paranoid_file_checks: 0
2026/06/27-16:39:20.040717 7a28                Options.force_consistency_checks: 1
2026/06/27-16:39:20.040721 7a28                Options.report_bg_io_stats: 0
2026/06/27-16:39:20.040724 7a28                Options.disallow_memtable_writes: 0
2026/06/27-16:39:20.040727 7a28                               Options.ttl: 2592000
2026/06/27-16:39:20.040731 7a28          Options.periodic_compaction_seconds: 0
2026/06/27-16:39:20.040734 7a28                        Options.default_temperature: kUnknown
2026/06/27-16:39:20.040739 7a28  Options.preclude_last_level_data_seconds: 0
2026/06/27-16:39:20.040743 7a28    Options.preserve_internal_time_seconds: 0
2026/06/27-16:39:20.040746 7a28                       Options.enable_blob_files: true
2026/06/27-16:39:20.040750 7a28                           Options.min_blob_size: 4096
2026/06/27-16:39:20.040753 7a28                          Options.blob_file_size: 268435456
2026/06/27-16:39:20.040757 7a28                   Options.blob_compression_type: NoCompression
2026/06/27-16:39:20.040760 7a28          Options.enable_blob_garbage_collection: true
2026/06/27-16:39:20.040763 7a28      Options.blob_garbage_collection_age_cutoff: 0.250000
2026/06/27-16:39:20.040767 7a28 Options.blob_garbage_collection_force_threshold: 1.000000
2026/06/27-16:39:20.040771 7a28          Options.blob_compaction_readahead_size: 0
2026/06/27-16:39:20.040774 7a28                Options.blob_file_starting_level: 0
2026/06/27-16:39:20.040778 7a28         Options.experimental_mempurge_threshold: 0.000000
2026/06/27-16:39:20.040781 7a28            Options.memtable_max_range_deletions: 0
2026/06/27-16:39:20.041008 7a28 [db\db_impl\db_impl.cc:3676] Created column family [corestore] (ID 1)
2026/06/27-16:39:20.132403 7a28 [db\db_impl\db_impl_open.cc:2623] SstFileManager instance 0000024BFA127620
2026/06/27-16:39:20.133306 7a28 DB pointer 0000024BFA34CA80
2026/06/27-16:39:20.133786 7678 [db\db_impl\db_impl.cc:1117] ------- DUMPING STATS -------
2026/06/27-16:39:20.133801 7678 [db\db_impl\db_impl.cc:1118] 
** DB Stats **
Uptime(secs): 0.3 total, 0.3 interval
Cumulative writes: 0 writes, 0 keys, 0 commit groups, 0.0 writes per commit group, ingest: 0.00 GB, 0.00 MB/s
Cumulative WAL: 0 writes, 0 syncs, 0.00 writes per sync, written: 0.00 GB, 0.00 MB/s
Cumulative stall: 00:00:0.000 H:M:S, 0.0 percent
Interval writes: 0 writes, 0 keys, 0 commit groups, 0.0 writes per commit group, ingest: 0.00 MB, 0.00 MB/s
Interval WAL: 0 writes, 0 syncs, 0.00 writes per sync, written: 0.00 GB, 0.00 MB/s
Interval stall: 00:00:0.000 H:M:S, 0.0 percent
Write Stall (count): write-buffer-manager-limit-stops: 0

** Compaction Stats [default] **
Level    Files   Size     Score Read(GB)  Rn(GB) Rnp1(GB) Write(GB) WPreComp(GB) Wnew(GB) Moved(GB) W-Amp Rd(MB/s) Wr(MB/s) Comp(sec) CompMergeCPU(sec) Comp(cnt) Avg(sec) KeyIn KeyDrop Rblob(GB) Wblob(GB)
-------------------------------------------------------------------------------------------------------------------------------------------------------------------------------------------------------------
 Sum      0/0      0.00 KB   0.0      0.0     0.0      0.0       0.0       0.0      0.0       0.0   0.0      0.0      0.0      0.00              0.00         0    0.000       0      0       0.0       0.0
 Int      0/0      0.00 KB   0.0      0.0     0.0      0.0       0.0       0.0      0.0       0.0   0.0      0.0      0.0      0.00              0.00         0    0.000       0      0       0.0       0.0

** Compaction Stats [default] **
